0 0.194608 0.582745 0.032170 0.049391
0 0.192343 0.651700 0.036701 0.047466
0 0.196874 0.721616 0.043951 0.047466
0 0.195514 0.791212 0.033983 0.055805
0 0.194835 0.863695 0.037155 0.050674
0 0.437245 0.580821 0.040779 0.055805
0 0.437472 0.650417 0.036701 0.044901
0 0.437925 0.722579 0.039420 0.060936
0 0.435886 0.790571 0.038061 0.054522
0 0.438604 0.864978 0.036248 0.053239
0 0.438831 0.934573 0.039420 0.052598
0 0.438378 0.988454 0.033983 0.023092
0 0.195514 0.935215 0.033983 0.053881
0 0.191889 0.990058 0.041232 0.019885
0 0.724513 0.579217 0.050748 0.059012
0 0.729044 0.652021 0.046217 0.064785
0 0.728138 0.718089 0.041686 0.053239
0 0.725872 0.792174 0.037155 0.060295
0 0.728364 0.868185 0.039420 0.057088
0 0.727685 0.934573 0.040779 0.057729
0 0.728364 0.988775 0.040326 0.022450
0 0.967830 0.722258 0.039873 0.057729
0 0.969869 0.794740 0.033077 0.055164
0 0.970095 0.865940 0.041686 0.052598
0 0.968509 0.935215 0.035795 0.059012
0 0.968056 0.989737 0.043045 0.020526