1 0.707522 0.846055 0.035795 0.060295
1 0.948573 0.851187 0.031264 0.052598
0 0.710014 0.018281 0.038061 0.036562
0 0.710240 0.078576 0.043045 0.057088
0 0.709334 0.147210 0.032170 0.057088
0 0.950385 0.015715 0.037608 0.031430
0 0.950159 0.072162 0.038967 0.059654
0 0.952424 0.146568 0.036248 0.055805
0 0.707975 0.213919 0.040326 0.046825
0 0.710467 0.290571 0.038967 0.053881
0 0.707975 0.360167 0.038514 0.051956
0 0.710014 0.431366 0.038061 0.054522
0 0.951744 0.215523 0.037608 0.046183
0 0.951744 0.287043 0.037608 0.053239
0 0.952877 0.360167 0.035342 0.051956
0 0.951291 0.428159 0.038514 0.054522