0 0.148618 0.651058 0.040779 0.051315
0 0.151563 0.725465 0.042139 0.050032
0 0.149524 0.789929 0.033530 0.053239
0 0.152016 0.864657 0.035795 0.056446
0 0.151563 0.990058 0.035795 0.019885
0 0.151790 0.933291 0.038061 0.059012
0 0.392388 0.649134 0.039873 0.056446
0 0.681695 0.652341 0.042139 0.060295
0 0.684187 0.724824 0.040779 0.055164
0 0.395786 0.722579 0.037608 0.057088
0 0.923425 0.652341 0.046217 0.060295
0 0.684187 0.792174 0.040779 0.052598
0 0.925691 0.718409 0.038061 0.057729
0 0.683507 0.865619 0.036701 0.060936
0 0.681921 0.932970 0.038061 0.049391
0 0.923199 0.794419 0.037608 0.050674
0 0.683960 0.992303 0.040326 0.015394
0 0.922066 0.865940 0.030811 0.050032
0 0.927957 0.934573 0.042592 0.046183
0 0.926824 0.989096 0.032170 0.021809
0 0.393068 0.861129 0.036701 0.049391
0 0.396239 0.933291 0.032170 0.052598
0 0.393974 0.986851 0.041232 0.026299
0 0.391255 0.793137 0.040326 0.054522