0 0.992977 0.580180 0.014046 0.068634
0 0.991618 0.656511 0.016765 0.058371
0 0.988899 0.720654 0.022202 0.060936
0 0.994110 0.792816 0.011781 0.056446
0 0.991618 0.865298 0.016765 0.064144
0 0.991618 0.936818 0.016765 0.051956
0 0.994110 0.988775 0.011781 0.022450
0 0.764159 0.580180 0.037608 0.053239
0 0.766652 0.989737 0.045310 0.020526
0 0.762800 0.652662 0.034889 0.068634
0 0.767558 0.721296 0.039873 0.048108
0 0.764839 0.797306 0.051654 0.053881
0 0.760761 0.862091 0.041686 0.052598
0 0.761894 0.937460 0.041232 0.063502