0 0.152923 0.579538 0.042139 0.063502
0 0.393294 0.584028 0.042592 0.054522
0 0.680335 0.579538 0.051201 0.063502
0 0.924105 0.582425 0.034889 0.051315
0 0.154055 0.649775 0.047123 0.056446
0 0.393974 0.650417 0.043951 0.055164
0 0.681468 0.652341 0.044404 0.055164
0 0.150884 0.722579 0.041686 0.058371
0 0.393294 0.720013 0.039873 0.053239
0 0.394427 0.789288 0.033077 0.054522
0 0.394880 0.857922 0.036701 0.057088
0 0.393068 0.934894 0.035795 0.054522
0 0.153602 0.864015 0.038061 0.059012
0 0.149071 0.792495 0.038061 0.048108
0 0.681468 0.721616 0.038967 0.052598
0 0.683734 0.795061 0.039873 0.053239
0 0.681695 0.860808 0.033077 0.053881
0 0.682374 0.934253 0.037155 0.058371
0 0.151790 0.936818 0.039873 0.063502
0 0.395106 0.986530 0.043498 0.026940
0 0.148391 0.991020 0.036701 0.017960
0 0.683280 0.989737 0.037155 0.020526
0 0.923652 0.648493 0.036701 0.056446
0 0.926144 0.720654 0.041686 0.054522
0 0.928183 0.791212 0.045763 0.048108
0 0.926144 0.861450 0.041686 0.050032
0 0.925011 0.935536 0.042139 0.058371
0 0.925918 0.989096 0.047576 0.021809