0 0.906434 0.578576 0.044857 0.061578
0 0.908926 0.654907 0.034436 0.060295
0 0.908700 0.722899 0.044857 0.050032
0 0.908700 0.795061 0.037608 0.057088
0 0.909379 0.861450 0.038967 0.053881
0 0.909153 0.933611 0.041232 0.057088
0 0.908700 0.989737 0.034889 0.020526
0 0.667648 0.581142 0.043045 0.052598
0 0.666063 0.649775 0.039873 0.059012
0 0.662211 0.722258 0.034889 0.060295
0 0.668781 0.793137 0.040779 0.054522
0 0.666063 0.860487 0.039873 0.048108
0 0.667422 0.936177 0.045310 0.059654
0 0.664477 0.990058 0.037608 0.019885