1 0.996149 0.849583 0.007703 0.045542
1 0.760082 0.849583 0.022202 0.045542
0 0.994110 0.019243 0.011781 0.038486
0 0.996149 0.078255 0.007703 0.060295
0 0.766652 0.016998 0.045310 0.033996
0 0.763027 0.218409 0.050748 0.048108
0 0.765292 0.287043 0.039873 0.063502
0 0.991618 0.146568 0.016765 0.060936
0 0.992977 0.217447 0.014046 0.061578
0 0.992977 0.290571 0.014046 0.055164
0 0.994789 0.362412 0.010421 0.055164
0 0.990258 0.431687 0.019483 0.056446
0 0.763933 0.068634 0.037155 0.055164
0 0.760988 0.150417 0.049388 0.058371
0 0.765972 0.357922 0.041232 0.052598
0 0.769597 0.424631 0.035795 0.065427