1 0.264839 0.851507 0.018577 0.051956
1 0.020390 0.850225 0.019030 0.042976
0 0.024694 0.021488 0.033077 0.042976
0 0.021522 0.077614 0.037608 0.059012
0 0.022202 0.147530 0.038967 0.050032
0 0.022202 0.212316 0.038967 0.053881
0 0.022429 0.287364 0.033983 0.041052
0 0.025827 0.360808 0.038061 0.054522
0 0.264613 0.216164 0.039873 0.055164
0 0.269370 0.144644 0.038514 0.055805
0 0.263706 0.017640 0.036248 0.035279
0 0.265066 0.076652 0.040779 0.060936
0 0.263706 0.289929 0.043498 0.065427
0 0.266425 0.359525 0.038061 0.048108