0 0.776620 0.579217 0.036248 0.067992
0 0.777979 0.656511 0.038967 0.062219
0 0.781831 0.723861 0.033983 0.050674
0 0.779792 0.796344 0.048029 0.055805
0 0.776846 0.865619 0.047576 0.053239
0 0.483688 0.577293 0.049388 0.055164
0 0.490258 0.650417 0.038967 0.052598
0 0.490711 0.716806 0.039873 0.055805
0 0.244676 0.579217 0.041686 0.055164
0 0.782057 0.935215 0.041686 0.051315
0 0.778659 0.988775 0.041232 0.022450
0 0.491844 0.792174 0.042139 0.055164
0 0.492524 0.866581 0.040779 0.055164
0 0.490711 0.939705 0.039873 0.064144
0 0.494336 0.990699 0.036248 0.018602
0 0.247395 0.989737 0.039873 0.020526
0 0.247621 0.934253 0.033983 0.053239
0 0.248301 0.862091 0.032623 0.046183
0 0.248754 0.788326 0.036248 0.047466
0 0.251019 0.652983 0.043498 0.053881
0 0.246715 0.723541 0.034889 0.061578
0 0.014952 0.580180 0.029905 0.068634
0 0.017671 0.656511 0.035342 0.058371
0 0.013367 0.720654 0.026733 0.060936
0 0.015859 0.792816 0.031717 0.056446
0 0.012687 0.865298 0.025374 0.064144
0 0.014952 0.936818 0.029905 0.051956
0 0.012687 0.988775 0.025374 0.022450