1 0.149977 0.849262 0.019937 0.046183
1 0.391708 0.845093 0.019483 0.051956
1 0.679656 0.850866 0.025374 0.042976
1 0.921613 0.849262 0.021749 0.043618
0 0.151563 0.288005 0.033077 0.052598
0 0.151790 0.217768 0.039873 0.053239
0 0.152243 0.149134 0.040779 0.053239
0 0.149751 0.077614 0.038514 0.053881
0 0.151563 0.016998 0.035795 0.033996
0 0.152243 0.356960 0.037155 0.049391
0 0.150657 0.432008 0.042139 0.049391
0 0.682148 0.076331 0.032170 0.060295
0 0.683280 0.145927 0.038967 0.055805
0 0.684413 0.219051 0.036701 0.051956
0 0.683054 0.285119 0.044857 0.044259
0 0.685319 0.357922 0.047576 0.046183
0 0.682601 0.427197 0.043951 0.052598
0 0.683960 0.012187 0.040326 0.024375
0 0.926824 0.014753 0.032170 0.029506
0 0.926597 0.074407 0.039873 0.053881
0 0.926597 0.142399 0.041686 0.052598
0 0.924558 0.217447 0.042139 0.052598
0 0.925464 0.284798 0.034889 0.052598
0 0.924785 0.355035 0.038061 0.051956
0 0.925464 0.429763 0.034889 0.055164
0 0.393974 0.014753 0.041232 0.029506
0 0.394200 0.074407 0.038967 0.053881
0 0.396466 0.146248 0.043498 0.050032
0 0.396692 0.215523 0.035795 0.048749
0 0.393521 0.285760 0.035795 0.048108
0 0.393747 0.357280 0.033530 0.047466
0 0.394427 0.426876 0.051201 0.045542