1 0.777753 0.850225 0.021296 0.042976
1 0.492977 0.847338 0.022655 0.043618
1 0.248527 0.848621 0.024921 0.043618
1 0.007476 0.849583 0.014952 0.045542
0 0.778659 0.018281 0.041232 0.036562
0 0.494336 0.014432 0.036248 0.028865
0 0.489352 0.073445 0.034436 0.058371
0 0.491164 0.144323 0.040779 0.043618
0 0.490711 0.220334 0.028999 0.059654
0 0.489352 0.288647 0.042592 0.059012
0 0.491164 0.357601 0.032623 0.051956
0 0.487993 0.430083 0.034436 0.053239
0 0.247395 0.015394 0.039873 0.030789
0 0.250566 0.078255 0.032623 0.048749
0 0.780018 0.076652 0.037608 0.060936
0 0.775714 0.148493 0.037155 0.059654
0 0.779565 0.217768 0.042139 0.058371
0 0.778885 0.287364 0.035342 0.056446
0 0.777753 0.356639 0.033077 0.057729
0 0.780924 0.430404 0.039420 0.050032
0 0.248074 0.148172 0.037608 0.051315
0 0.248981 0.215523 0.039420 0.053881
0 0.248301 0.283194 0.043498 0.051956
0 0.246942 0.351828 0.046217 0.051956
0 0.250340 0.427197 0.036701 0.047466
0 0.012687 0.019243 0.025374 0.038486
0 0.013367 0.078255 0.026733 0.060295
0 0.016991 0.146568 0.033983 0.060936
0 0.012234 0.217447 0.024468 0.061578
0 0.013820 0.290571 0.027639 0.055164
0 0.010648 0.362412 0.021296 0.055164
0 0.014273 0.431687 0.028546 0.056446