0 0.708881 0.578897 0.040326 0.054522
0 0.709107 0.647210 0.036248 0.051315
0 0.710014 0.725465 0.038061 0.060295
0 0.708881 0.795702 0.040326 0.054522
0 0.708881 0.864978 0.042139 0.053239
0 0.708881 0.934573 0.040326 0.052598
0 0.710014 0.989096 0.038061 0.021809
0 0.953330 0.580500 0.036248 0.064144
0 0.949026 0.652341 0.041232 0.051315
0 0.952198 0.723220 0.040326 0.059654
0 0.949479 0.794419 0.042139 0.049391
0 0.951971 0.863053 0.033530 0.051956
0 0.953330 0.932970 0.036248 0.058371
0 0.950385 0.985888 0.037608 0.028223