1 0.665383 0.849262 0.018577 0.043618
1 0.905754 0.848300 0.022655 0.044259
0 0.664250 0.016998 0.038967 0.033996
0 0.666289 0.073445 0.043045 0.051956
0 0.665609 0.147851 0.037155 0.053239
0 0.665156 0.218089 0.034436 0.047466
0 0.664703 0.288005 0.044404 0.050032
0 0.666516 0.360808 0.037155 0.057088
0 0.666742 0.432328 0.033077 0.053881
0 0.909379 0.146889 0.037155 0.055164
0 0.907114 0.075048 0.036248 0.048749
0 0.908020 0.218089 0.036248 0.050032
0 0.905528 0.288005 0.035795 0.052598
0 0.909379 0.356639 0.038967 0.055164
0 0.910739 0.016998 0.042592 0.033996