1 0.664024 0.846697 0.020390 0.050032
1 0.906661 0.847979 0.021749 0.050032
0 0.908700 0.017640 0.034889 0.035279
0 0.906887 0.072482 0.036701 0.052598
0 0.903942 0.144965 0.039873 0.051315
0 0.908020 0.215843 0.036248 0.057088
0 0.906887 0.279025 0.036701 0.053881
0 0.905528 0.360487 0.036701 0.059012
0 0.664024 0.072803 0.038514 0.048108
0 0.664477 0.014753 0.037608 0.029506
0 0.665383 0.143682 0.041232 0.052598
0 0.666969 0.214561 0.039873 0.049391
0 0.665609 0.290250 0.038967 0.046825
0 0.664024 0.359846 0.040326 0.052598
0 0.662438 0.423669 0.047123 0.049391