1 0.151110 0.851507 0.014952 0.049391
1 0.392388 0.848300 0.019030 0.046825
1 0.680335 0.848942 0.016765 0.048108
1 0.922519 0.848300 0.021749 0.044259
0 0.395106 0.016677 0.043498 0.033355
0 0.394880 0.075048 0.036701 0.057729
0 0.392614 0.148493 0.043951 0.058371
0 0.148391 0.016036 0.036701 0.032072
0 0.151110 0.073124 0.035795 0.061578
0 0.153602 0.145606 0.043498 0.039769
0 0.683280 0.017640 0.037155 0.035279
0 0.145446 0.215843 0.030811 0.057088
0 0.390575 0.216485 0.040779 0.049391
0 0.392161 0.280629 0.034889 0.049391
0 0.392161 0.356318 0.044857 0.053239
0 0.397145 0.423348 0.034889 0.053881
0 0.681695 0.074407 0.050295 0.042335
0 0.683734 0.146248 0.041686 0.048749
0 0.682374 0.215202 0.038967 0.053239
0 0.685319 0.288967 0.044857 0.055805
0 0.686679 0.360808 0.052107 0.051956
0 0.684187 0.426235 0.045310 0.048108
0 0.925918 0.011546 0.047576 0.023092
0 0.923879 0.072162 0.041686 0.059654
0 0.926144 0.147851 0.044404 0.055805
0 0.928636 0.217447 0.044857 0.050032
0 0.924558 0.285119 0.038514 0.051956
0 0.925918 0.359846 0.043951 0.056446
0 0.927730 0.427838 0.044857 0.062861
0 0.149524 0.285119 0.036248 0.046825
0 0.156321 0.357280 0.045310 0.043618
0 0.150657 0.429121 0.045763 0.053881