1 0.193702 0.847979 0.018577 0.059012
1 0.436339 0.850545 0.029905 0.051315
1 0.728591 0.849583 0.036248 0.053239
1 0.968283 0.844452 0.025374 0.050674
0 0.438378 0.015715 0.033983 0.031430
0 0.437472 0.074727 0.036701 0.049391
0 0.437245 0.145927 0.040779 0.054522
0 0.191889 0.015074 0.041232 0.030148
0 0.195288 0.071520 0.038061 0.058371
0 0.195061 0.145285 0.033077 0.053239
0 0.195967 0.218730 0.033077 0.050032
0 0.195741 0.287684 0.038967 0.054522
0 0.193702 0.355356 0.039420 0.048749
0 0.196194 0.427838 0.038061 0.057729
0 0.438604 0.217768 0.036248 0.057088
0 0.437925 0.288647 0.039420 0.052598
0 0.439511 0.358563 0.038061 0.052598
0 0.437019 0.426876 0.035795 0.049391
0 0.728364 0.016998 0.040326 0.033996
0 0.969189 0.074727 0.034436 0.062219
0 0.968056 0.016357 0.043045 0.032713
0 0.726099 0.073445 0.034889 0.058371
0 0.724060 0.142720 0.038967 0.049391
0 0.724286 0.217126 0.036701 0.046825
0 0.725872 0.288647 0.033530 0.048749
0 0.963525 0.151058 0.042139 0.048108
0 0.728591 0.358884 0.042592 0.050674
0 0.724966 0.428480 0.035342 0.044901
0 0.969415 0.217768 0.032170 0.048108
0 0.971001 0.288005 0.043498 0.052598
0 0.966697 0.359205 0.037608 0.059012
0 0.967830 0.426235 0.039873 0.051956