1 0.696647 0.987813 0.020390 0.024375
1 0.927957 0.989416 0.023561 0.021167
0 0.699139 0.204939 0.035342 0.058371
0 0.698233 0.279025 0.037155 0.048749
0 0.698686 0.346376 0.036248 0.051315
0 0.697327 0.418858 0.035342 0.044901
0 0.697327 0.491341 0.037155 0.053881
0 0.698686 0.559654 0.034436 0.050674
0 0.697780 0.633419 0.036248 0.057088
0 0.929769 0.204618 0.035342 0.048749
0 0.930222 0.278063 0.034436 0.055805
0 0.931128 0.350545 0.034436 0.054522
0 0.928183 0.419500 0.038514 0.051315
0 0.929316 0.490699 0.034436 0.052598
0 0.930675 0.562540 0.031717 0.052598
0 0.930222 0.632457 0.038061 0.050032