1 0.123924 0.987492 0.028546 0.025016
1 0.356819 0.984606 0.030358 0.030789
0 0.126189 0.012187 0.037608 0.024375
0 0.125283 0.065106 0.042139 0.057088
0 0.122791 0.135985 0.043498 0.055164
0 0.127322 0.207184 0.041686 0.056446
0 0.124830 0.279987 0.041232 0.058371
0 0.126416 0.354394 0.041686 0.054522
0 0.126189 0.421424 0.032170 0.064144
0 0.125963 0.490378 0.040779 0.045542
0 0.125963 0.560936 0.038967 0.054522
0 0.128228 0.634702 0.036248 0.049391
0 0.355913 0.009942 0.035795 0.019885
0 0.358858 0.066709 0.036248 0.053881
0 0.357272 0.134381 0.037608 0.051956
0 0.358405 0.207184 0.033530 0.053881
0 0.356819 0.279987 0.034889 0.058371
0 0.359085 0.352149 0.039420 0.052598
0 0.357725 0.419500 0.036701 0.060295
0 0.358858 0.492623 0.036248 0.043618
0 0.358179 0.559012 0.037608 0.050674
0 0.356366 0.635985 0.035795 0.051956