1 0.004078 0.987171 0.008156 0.025657
1 0.227685 0.987171 0.024921 0.025657
1 0.459221 0.987813 0.021296 0.024375
1 0.798595 0.991020 0.020390 0.017960
0 0.007703 0.135985 0.015406 0.052598
0 0.008156 0.207826 0.016312 0.051315
0 0.008609 0.277101 0.017218 0.055164
0 0.008156 0.349583 0.016312 0.052598
0 0.007023 0.419500 0.014046 0.052598
0 0.007929 0.491341 0.015859 0.048749
0 0.008156 0.557409 0.016312 0.047466
0 0.008156 0.630212 0.016312 0.046825
0 0.231763 0.490699 0.032170 0.051315
0 0.230856 0.559974 0.030358 0.052598
0 0.229724 0.631815 0.036248 0.048749
0 0.231309 0.208146 0.037608 0.046825
0 0.229950 0.278063 0.033983 0.053239
0 0.229271 0.350545 0.035342 0.046825
0 0.231309 0.419500 0.037608 0.051315
0 0.463299 0.138550 0.033983 0.052598
0 0.462845 0.206543 0.033077 0.050032
0 0.463072 0.279346 0.034436 0.053239
0 0.464205 0.349904 0.030358 0.048108
0 0.461713 0.418538 0.035342 0.045542
0 0.462166 0.489416 0.034436 0.044901
0 0.461713 0.560295 0.035342 0.054522
0 0.462166 0.632136 0.036248 0.048108
0 0.799728 0.137267 0.039873 0.050032
0 0.797689 0.204618 0.035795 0.048749
0 0.799728 0.277421 0.035342 0.042976
0 0.798822 0.348621 0.037155 0.048108
0 0.796103 0.418217 0.038061 0.048749
0 0.799275 0.491341 0.036248 0.050032
0 0.799275 0.561257 0.031717 0.050032
0 0.800634 0.630532 0.035342 0.048749