1 0.709334 0.987171 0.020390 0.025657
1 0.942682 0.985247 0.018577 0.029506
0 0.710240 0.207826 0.040326 0.065427
0 0.707975 0.274535 0.038514 0.055164
0 0.712053 0.420141 0.036701 0.053881
0 0.712506 0.558371 0.035795 0.054522
0 0.710693 0.630212 0.041232 0.054522
0 0.710467 0.348942 0.038061 0.053881
0 0.711826 0.487813 0.038967 0.062219
0 0.941776 0.012508 0.042139 0.025016
0 0.941550 0.066709 0.041686 0.052598
0 0.942229 0.139513 0.040326 0.060936
0 0.941550 0.208788 0.041686 0.057088
0 0.943135 0.279346 0.040326 0.054522
0 0.942003 0.349583 0.038061 0.059012
0 0.941776 0.420783 0.034889 0.055164
0 0.943362 0.490699 0.038061 0.059012
0 0.941097 0.563182 0.038061 0.053881
0 0.942003 0.635343 0.038061 0.062219