1 0.094019 0.987492 0.043951 0.025016
1 0.323516 0.988454 0.049841 0.023092
1 0.559130 0.988454 0.041686 0.023092
1 0.793838 0.988454 0.042592 0.023092
0 0.089261 0.348300 0.038967 0.052598
0 0.088355 0.415330 0.037155 0.051956
0 0.087676 0.491661 0.035795 0.050674
0 0.090847 0.559654 0.033983 0.054522
0 0.088808 0.630212 0.036248 0.048108
0 0.321251 0.010263 0.035342 0.020526
0 0.319891 0.064144 0.038967 0.050032
0 0.321024 0.136947 0.033077 0.051956
0 0.320571 0.208146 0.035795 0.049391
0 0.321477 0.276459 0.035795 0.056446
0 0.321930 0.347659 0.036701 0.051315
0 0.321930 0.415651 0.038514 0.055164
0 0.323063 0.488775 0.038967 0.051315
0 0.321930 0.561899 0.038514 0.050032
0 0.322383 0.631815 0.039420 0.044901
0 0.784096 0.010263 0.038514 0.020526
0 0.785908 0.064785 0.033077 0.051315
0 0.785229 0.132457 0.039873 0.063502
0 0.785229 0.276139 0.036248 0.053239
0 0.784776 0.348300 0.038967 0.052598
0 0.784776 0.420141 0.038967 0.048749
0 0.785682 0.491341 0.040779 0.056446
0 0.785455 0.560616 0.043045 0.052598
0 0.784323 0.632777 0.036248 0.049391
0 0.783870 0.209429 0.037155 0.051956
0 0.553919 0.011867 0.040326 0.023733
0 0.550068 0.067030 0.044404 0.054522
0 0.550068 0.137909 0.044404 0.052598
0 0.553466 0.211995 0.043951 0.057088
0 0.549388 0.284157 0.045763 0.056446
0 0.548256 0.356960 0.038967 0.048108
0 0.548709 0.419500 0.044404 0.048749
0 0.547576 0.492623 0.046670 0.051315
0 0.552560 0.560616 0.047576 0.056446
0 0.552107 0.633419 0.046670 0.057088