1 0.050295 0.985568 0.028092 0.028865
1 0.286815 0.987813 0.022655 0.024375
0 0.053466 0.135985 0.038967 0.057729
0 0.055732 0.205581 0.036248 0.055805
0 0.054372 0.274856 0.038967 0.045542
0 0.054372 0.349262 0.040779 0.049391
0 0.053240 0.423028 0.033077 0.055805
0 0.057318 0.489737 0.034889 0.059654
0 0.057318 0.563502 0.034889 0.055805
0 0.056185 0.631815 0.037155 0.060295
0 0.286135 0.137588 0.034889 0.044259
0 0.287041 0.207505 0.031264 0.046825
0 0.285682 0.276780 0.035795 0.051956
0 0.286135 0.347338 0.034889 0.053239
0 0.285682 0.421103 0.037608 0.049391
0 0.284776 0.489096 0.033983 0.045542
0 0.284776 0.559654 0.035795 0.045542
0 0.286135 0.633419 0.043951 0.048108