1 0.706389 0.983323 0.024468 0.033355
1 0.942003 0.986530 0.021749 0.026940
0 0.709560 0.349904 0.042592 0.069917
0 0.712506 0.422386 0.039420 0.050674
0 0.710014 0.490699 0.038967 0.055164
0 0.712279 0.565747 0.038967 0.067992
0 0.710014 0.634060 0.036248 0.046825
0 0.943589 0.012829 0.036701 0.025657
0 0.943815 0.065427 0.034436 0.059012
0 0.946081 0.135022 0.037155 0.054522
0 0.941776 0.204618 0.043045 0.050032
0 0.942682 0.278063 0.034889 0.055805
0 0.943815 0.355035 0.041686 0.054522
0 0.942456 0.418538 0.044404 0.055805
0 0.943135 0.489737 0.035795 0.057088
0 0.940417 0.559974 0.034889 0.053881
0 0.943815 0.631174 0.041686 0.065427