1 0.121658 0.988775 0.030358 0.022450
1 0.357499 0.987171 0.019937 0.025657
0 0.124150 0.010904 0.041686 0.021809
0 0.124604 0.069917 0.048935 0.048749
0 0.126643 0.136947 0.039420 0.053239
0 0.125736 0.208146 0.034889 0.058371
0 0.125510 0.281270 0.037155 0.062219
0 0.124604 0.349904 0.035342 0.049391
0 0.125736 0.418538 0.033077 0.050674
0 0.125963 0.490058 0.038061 0.057729
0 0.126869 0.562219 0.030811 0.054522
0 0.125057 0.632457 0.038061 0.052598
0 0.356140 0.067672 0.043498 0.050674
0 0.359085 0.136947 0.037608 0.053239
0 0.357725 0.204939 0.046670 0.049391
0 0.358858 0.282874 0.039873 0.055164
0 0.357499 0.349583 0.037155 0.052598
0 0.358858 0.417575 0.039873 0.048749
0 0.358632 0.490378 0.036701 0.050674
0 0.359085 0.562861 0.042139 0.053239
0 0.357499 0.633098 0.038967 0.060295