1 0.101269 0.986209 0.021296 0.027582
1 0.331899 0.983964 0.027639 0.032072
1 0.565247 0.984606 0.033983 0.030789
1 0.826461 0.986209 0.030811 0.027582
0 0.102175 0.139192 0.038514 0.061578
0 0.103081 0.207505 0.042139 0.057088
0 0.104440 0.279346 0.032170 0.051956
0 0.103987 0.351187 0.043951 0.050674
0 0.103987 0.422386 0.042139 0.054522
0 0.103987 0.491020 0.034889 0.049391
0 0.100816 0.560295 0.041232 0.049391
0 0.103081 0.634381 0.038514 0.052598
0 0.333711 0.135985 0.036701 0.052598
0 0.336883 0.209429 0.039420 0.048108
0 0.335976 0.275176 0.033983 0.052598
0 0.335523 0.347338 0.034889 0.050674
0 0.331899 0.419820 0.036701 0.051956
0 0.334164 0.490378 0.032170 0.048108
0 0.336430 0.563502 0.034889 0.055805
0 0.336430 0.633740 0.038514 0.056446
0 0.564341 0.138550 0.036701 0.052598
0 0.567059 0.204939 0.036701 0.051956
0 0.566153 0.277101 0.034889 0.056446
0 0.568872 0.348621 0.036701 0.060936
0 0.566606 0.420462 0.033983 0.050674
0 0.567059 0.488454 0.034889 0.054522
0 0.567966 0.563502 0.033077 0.053239
0 0.568419 0.635664 0.039420 0.060295
0 0.823969 0.141437 0.037608 0.054522
0 0.823063 0.208788 0.030358 0.049391
0 0.823969 0.282553 0.039420 0.058371
0 0.821251 0.349904 0.033983 0.053239
0 0.822610 0.423028 0.034889 0.050674
0 0.823516 0.490378 0.033077 0.048108
0 0.822610 0.561578 0.040326 0.054522
0 0.822610 0.634381 0.033077 0.062861