1 0.107612 0.987813 0.026733 0.024375
1 0.343453 0.988775 0.022655 0.022450
0 0.113729 0.206543 0.036248 0.047466
0 0.115541 0.277742 0.036248 0.048749
0 0.116448 0.347979 0.032623 0.054522
0 0.114635 0.421424 0.034436 0.050032
0 0.114182 0.492623 0.035342 0.048749
0 0.113276 0.561899 0.033530 0.048749
0 0.114635 0.632777 0.032623 0.044259
0 0.345492 0.207826 0.031264 0.052598
0 0.345718 0.278384 0.034436 0.050032
0 0.345265 0.347979 0.035342 0.054522
0 0.347984 0.422386 0.036248 0.054522
0 0.344359 0.494869 0.033530 0.055805
0 0.346398 0.560295 0.037608 0.054522
0 0.348890 0.630532 0.032623 0.046183