1 0.221115 0.971777 0.043498 0.056446
1 0.457635 0.966645 0.054372 0.066709
1 0.991618 0.972418 0.016765 0.051315
0 0.212053 0.038165 0.042592 0.059654
0 0.211599 0.110648 0.041686 0.049391
0 0.211373 0.184092 0.043951 0.051315
0 0.210240 0.252085 0.041686 0.057729
0 0.211146 0.319756 0.032623 0.057088
0 0.210920 0.393521 0.043045 0.051956
0 0.210920 0.461514 0.043045 0.058371
0 0.210920 0.531751 0.040326 0.066709
0 0.211599 0.609686 0.041686 0.062219
0 0.440417 0.039769 0.039873 0.062861
0 0.442682 0.109686 0.047123 0.055164
0 0.445628 0.181206 0.033983 0.057088
0 0.443589 0.253688 0.038061 0.060936
0 0.442909 0.323284 0.039420 0.056446
0 0.441097 0.395767 0.038514 0.067992
0 0.441550 0.465683 0.044857 0.048749
0 0.442456 0.534317 0.035795 0.064144
0 0.442909 0.604233 0.042139 0.062861