1 0.171500 0.986209 0.027639 0.027582
1 0.406208 0.987813 0.024014 0.024375
1 0.637970 0.987171 0.024468 0.025657
1 0.892388 0.985247 0.023108 0.029506
0 0.175351 0.009622 0.038967 0.019243
0 0.175578 0.065427 0.036701 0.052598
0 0.176937 0.139513 0.029452 0.048108
0 0.172406 0.281591 0.036701 0.056446
0 0.175125 0.203335 0.035795 0.056446
0 0.173539 0.345093 0.038967 0.050032
0 0.174671 0.417575 0.036701 0.055164
0 0.173539 0.490378 0.038967 0.048108
0 0.173992 0.558371 0.039873 0.054522
0 0.175125 0.631174 0.035795 0.050032
0 0.406887 0.010263 0.035342 0.020526
0 0.406434 0.067030 0.036248 0.053239
0 0.406887 0.134381 0.037155 0.060936
0 0.408473 0.207184 0.033983 0.053881
0 0.406434 0.278704 0.031717 0.053239
0 0.406208 0.349583 0.043045 0.052598
0 0.406434 0.422386 0.031717 0.048108
0 0.407340 0.491020 0.036248 0.049391
0 0.404622 0.562861 0.039873 0.046825
0 0.406887 0.629891 0.037155 0.051315
0 0.639103 0.009301 0.035795 0.018602
0 0.638197 0.066068 0.033983 0.044901
0 0.639329 0.137909 0.036248 0.048749
0 0.639329 0.207505 0.033530 0.044259
0 0.638197 0.279346 0.033983 0.054522
0 0.638197 0.346376 0.035795 0.052598
0 0.638197 0.418538 0.033983 0.050674
0 0.638876 0.491020 0.030811 0.055805
0 0.640236 0.560295 0.038061 0.044259
0 0.638197 0.631495 0.040326 0.057088
0 0.891482 0.011546 0.037608 0.023092
0 0.895106 0.067992 0.033077 0.057729
0 0.892388 0.135343 0.032170 0.056446
0 0.894427 0.203335 0.036248 0.059012
0 0.894880 0.276459 0.035342 0.046183
0 0.893294 0.349262 0.033983 0.058371
0 0.892841 0.418538 0.037608 0.053239
0 0.893068 0.490699 0.045310 0.059012
0 0.893747 0.559012 0.033077 0.051956
0 0.894200 0.631495 0.040326 0.057088