1 0.171500 0.982360 0.030358 0.035279
1 0.404848 0.988454 0.026733 0.023092
1 0.636837 0.983323 0.033983 0.033355
1 0.890575 0.984285 0.024014 0.031430
0 0.173086 0.012187 0.041686 0.024375
0 0.177390 0.067992 0.044857 0.053881
0 0.174218 0.136626 0.035795 0.053881
0 0.174671 0.209750 0.039420 0.056446
0 0.174445 0.282553 0.037155 0.054522
0 0.175804 0.351507 0.037155 0.055164
0 0.175125 0.420783 0.040326 0.056446
0 0.173539 0.490058 0.037155 0.053881
0 0.175804 0.563502 0.032623 0.057088
0 0.174898 0.631174 0.044404 0.051315
0 0.403715 0.011867 0.048029 0.023733
0 0.407567 0.063502 0.034889 0.053881
0 0.408020 0.142720 0.033983 0.062219
0 0.407567 0.211353 0.034889 0.053239
0 0.405301 0.276780 0.034889 0.046825
0 0.405075 0.350866 0.043498 0.053881
0 0.408020 0.423669 0.035795 0.055805
0 0.405754 0.487492 0.038514 0.055164
0 0.404848 0.561257 0.040326 0.052598
0 0.405075 0.634381 0.045310 0.051315
0 0.638423 0.011867 0.038061 0.023733
0 0.640236 0.067672 0.040779 0.059654
0 0.639556 0.137909 0.037608 0.050032
0 0.639556 0.205901 0.037608 0.053881
0 0.637064 0.279346 0.038967 0.048108
0 0.637970 0.348621 0.040779 0.051956
0 0.641142 0.421745 0.040779 0.060936
0 0.637744 0.492303 0.029452 0.058371
0 0.638423 0.560936 0.030811 0.054522
0 0.639103 0.632136 0.041232 0.053239
0 0.892841 0.010904 0.043045 0.021809
0 0.893294 0.063823 0.041232 0.051956
0 0.892614 0.134381 0.039873 0.058371
0 0.891708 0.208788 0.036248 0.059654
0 0.892614 0.278063 0.036248 0.054522
0 0.893747 0.350545 0.033983 0.062219
0 0.892614 0.419179 0.038061 0.049391
0 0.893747 0.490378 0.040326 0.057088
0 0.892841 0.559974 0.033983 0.059012
0 0.892388 0.632136 0.034889 0.050674