1 0.125057 0.986209 0.023561 0.027582
1 0.355007 0.987813 0.030358 0.024375
1 0.589715 0.987171 0.019483 0.025657
1 0.895786 0.987171 0.026280 0.025657
0 0.125283 0.350225 0.033077 0.050032
0 0.127775 0.423990 0.032623 0.057729
0 0.125510 0.489416 0.037155 0.048749
0 0.124604 0.561578 0.040779 0.062219
0 0.123697 0.632777 0.036248 0.048108
0 0.357046 0.350225 0.031717 0.050032
0 0.357725 0.418538 0.039420 0.051956
0 0.357725 0.491020 0.039420 0.051956
0 0.355233 0.562219 0.042592 0.054522
0 0.358405 0.634060 0.040779 0.062219
0 0.589715 0.351187 0.038514 0.051956
0 0.589035 0.421745 0.039873 0.049391
0 0.590847 0.493586 0.038061 0.049391
0 0.589035 0.563823 0.037155 0.053881
0 0.589715 0.633419 0.035795 0.057088
0 0.896919 0.352149 0.042139 0.062861
0 0.896692 0.420783 0.036248 0.051315
0 0.898505 0.490378 0.038061 0.045542
0 0.899184 0.558371 0.036701 0.053239
0 0.896692 0.630853 0.038967 0.051956