1 0.046217 0.985888 0.045310 0.028223
1 0.280018 0.987492 0.047123 0.025016
0 0.043045 0.010263 0.037155 0.020526
0 0.042592 0.067351 0.040779 0.044901
0 0.042365 0.134702 0.037608 0.056446
0 0.043725 0.209429 0.038514 0.051956
0 0.042818 0.492303 0.036701 0.051956
0 0.043045 0.559333 0.034436 0.047466
0 0.043498 0.630853 0.033530 0.054522
0 0.041686 0.421745 0.031717 0.060936
0 0.043725 0.353432 0.040326 0.047466
0 0.042818 0.277742 0.036701 0.056446
0 0.275261 0.070237 0.048482 0.048108
0 0.271862 0.137267 0.041686 0.051315
0 0.272995 0.206543 0.039420 0.059012
0 0.275940 0.278704 0.039873 0.055805
0 0.272089 0.347979 0.034889 0.057088
0 0.274581 0.424310 0.042592 0.054522
0 0.274581 0.492944 0.042592 0.054522
0 0.276620 0.563823 0.036701 0.052598
0 0.275034 0.633098 0.038061 0.060295
0 0.272768 0.013470 0.041686 0.026940