1 0.156321 0.985568 0.022655 0.028865
1 0.389216 0.987171 0.021749 0.025657
1 0.625510 0.988775 0.016765 0.022450
1 0.874717 0.988775 0.024921 0.022450
0 0.161305 0.207826 0.036248 0.042335
0 0.162438 0.278384 0.033983 0.052598
0 0.161305 0.350545 0.036248 0.054522
0 0.161985 0.422386 0.037608 0.054522
0 0.161531 0.492623 0.038514 0.051315
0 0.163570 0.560295 0.034436 0.054522
0 0.162438 0.635664 0.032170 0.047466
0 0.392388 0.205901 0.037155 0.053881
0 0.395786 0.280308 0.028546 0.051315
0 0.396239 0.349904 0.043045 0.053239
0 0.394653 0.418858 0.039873 0.050032
0 0.393747 0.492623 0.036248 0.056446
0 0.393747 0.564464 0.038061 0.051315
0 0.394200 0.631174 0.035342 0.047466
0 0.627096 0.206543 0.036248 0.047466
0 0.625283 0.278384 0.034436 0.052598
0 0.628455 0.349262 0.033530 0.051956
0 0.627096 0.422065 0.038061 0.048749
0 0.627549 0.490699 0.038967 0.047466
0 0.624830 0.557729 0.035342 0.054522
0 0.625510 0.632777 0.039420 0.053239
0 0.881513 0.279025 0.043951 0.051315
0 0.878568 0.206543 0.038061 0.055164
0 0.882193 0.351187 0.038061 0.055805
0 0.882193 0.420783 0.039873 0.048749
0 0.882193 0.492623 0.039873 0.048749
0 0.880381 0.560936 0.038061 0.055805
0 0.883552 0.630212 0.035342 0.060936