1 0.639556 0.987813 0.024014 0.024375
1 0.870639 0.986209 0.024921 0.027582
0 0.638650 0.135343 0.034889 0.051315
0 0.643407 0.206863 0.042592 0.053239
0 0.641142 0.278704 0.036248 0.055805
0 0.642048 0.350545 0.036248 0.051956
0 0.640236 0.421103 0.043498 0.049391
0 0.638197 0.493265 0.035795 0.064144
0 0.639783 0.559654 0.037155 0.045542
0 0.640689 0.636305 0.038967 0.059012
0 0.871092 0.135985 0.037608 0.050032
0 0.871092 0.208146 0.039420 0.055805
0 0.872451 0.278704 0.034889 0.053239
0 0.870412 0.350545 0.042592 0.054522
0 0.871545 0.419820 0.040326 0.054522
0 0.870412 0.492303 0.040779 0.054522
0 0.870865 0.559012 0.041686 0.051956
0 0.870639 0.630212 0.036701 0.051956